8
8
9
9
9
9
9
9
8
8
8
8
8
10
4
10
10
8
8
8
8
8
8
9
9
9
9
9
6
6
6
6
9
8
8
8
8
8
8
10
10
4
4
4
4
4
4
4
10
10
8
8
8
8
8
8
6
6
6
6
6
6
6
6
6
6
6
6
6
8
8
8
8
8
8
10
10
4
4
4
4
4
3
3
4
4
4
4
4
10
8
8
8
8
8
8
6
6
6
6
6
6
6
6
6
6
6
6
6
6
6
6
8
8
8
8
8
8
10
4
4
4
3
3
3
3
3
3
3
3
3
3
4
4
10
8
8
8
8
8
6
6
6
6
6
6
6
6
6
6
1
1
1
1
1
1
1
1
1
6
6
8
8
8
8
10
10
10
3
3
3
3
3
3
3
4
3
3
3
5
5
5
10
10
7
7
7
7
7
7
1
1
1
1
1
1
1
1
1
1
1
1
1
1
1
1
1
1
2
2
2
2
7
7
7
7
10
5
5
5
5
5
3
3
3
3
3
3
3
3
5
5
5
5
10
7
7
7
7
2
2
2
2
2
1
1
1
1
1
1
1
1
1
1
1
1
1
1
1
1
1
2
2
2
2
2
7
7
7
10
5
5
5
5
3
3
3
3
